

	Week starting on...	3/1	3/8	3/15	3/22	4/1	4/8	4/15	4/22	5/1	5/8	5/15	5/22
Frequency (%)
	2014	0.0	0.0	20.0	35.714285714285715	60.0	50.0	63.63636363636363	66.66666666666666	62.5	0.0	17.647058823529413	14.285714285714285
	2015	0.0	0.0	0.0	0.0	0.0	0.0	50.0	61.53846153846154	50.0	70.0	50.0	31.25
	2016	0.0	0.0	20.0	44.44444444444444	64.28571428571429	50.0	38.88888888888889	53.84615384615385	18.75	23.52941176470588	18.75	9.090909090909092
	2017	0.0	20.0	13.636363636363635	42.10526315789473	0.0	44.44444444444444	61.53846153846154	15.789473684210526	0.0	15.789473684210526	44.44444444444444	50.0
	2018	0.0	3.0303030303030303	8.333333333333332	17.647058823529413	36.36363636363637	64.70588235294117	65.21739130434783	36.11111111111111	6.0606060606060606	0.0	27.77777777777778	0.0
	Total # checklists submitted - (2014)	3	12	10	14	10	6	11	6	8	8	17	14
	Total # checklists submitted - (2015)	9	8	6	17	3	2	6	13	6	10	14	16
	Total # checklists submitted - (2016)	9	10	15	9	14	16	18	13	16	17	16	11
	Total # checklists submitted - (2017)	3	5	22	19	5	9	13	19	3	19	18	16
	Total # checklists submitted - (2018)	8	33	12	17	11	17	23	36	33	4	18	16
	
Abundance
	2014	0.0	0.0	0.2	0.14285714285714285	24.0	4.166666666666667	4.636363636363637	4.166666666666667	3.125	0.0	0.5882352941176471	0.0
	2015	0.0	0.0	0.0	0.0	0.0	0.0	2.0	2.923076923076923	7.0	2.9	9.571428571428571	0.5625
	2016	0.0	0.0	0.26666666666666666	1.8888888888888888	9.285714285714286	2.75	6.444444444444445	2.6923076923076925	0.5	0.4117647058823529	0.125	0.18181818181818182
	2017	0.0	0.6	0.4090909090909091	4.0	0.0	46.333333333333336	4.461538461538462	1.263157894736842	0.0	0.8947368421052632	4.833333333333333	2.5625
	2018	0.0	0.030303030303030304	0.6666666666666666	0.7647058823529411	4.181818181818182	40.76470588235294	27.217391304347824	8.305555555555555	0.36363636363636365	0.0	0.3888888888888889	0.0
	Total # checklists submitted - (2014)	3	12	10	14	10	6	11	6	8	8	17	14
	Total # checklists submitted - (2015)	9	8	6	17	3	2	6	13	6	10	14	16
	Total # checklists submitted - (2016)	9	10	15	9	14	16	18	13	16	17	16	11
	Total # checklists submitted - (2017)	3	5	22	19	5	9	13	19	3	19	18	16
	Total # checklists submitted - (2018)	8	33	12	17	11	17	23	36	33	4	18	16
	
Birds Per Party Hour
	2014	0.0	0.0	0.48277826790177913	0.4061102018548827	20.340537223888738	12.5	3.0043414899458702	1.9230769230769231	4.080031600726096	0.0	2.5	0.0
	2015	0.0	0.0	0.0	0.0	189.84615384615384	0.75	2.3835928262607378	3.316666666666667	63.3982683982684	3.225895023594385	10.995555555555555	1.617283950617284
	2016	0.0	0.0	0.5333533353335334	2.698816333000908	11.124583456729749	3.1150973971282734	5.082950962328002	3.6282392793228637	1.1933657123852102	0.5588240715141461	0.991571641051066	0.4579803068468056
	2017	0.0	1.25	6.487179487179487	8.441723334733888	0.0	12.50250922509225	2.5005814726209463	3.816349914614664	0.0	5.942208026305271	2.286034322023423	2.0285714285714285
	2018	0.0	0.4444444444444444	3.966286564204264	2.3666666666666667	17.61057293371898	20.720367284259222	32.94372265905	8.150562562444897	2.6134592910011687	0.0	0.43575757575757573	0.0
	# checklists reporting species - (2014)	0.0	0.0	2	2	4	1	8	2	4	0.0	1	0
	# checklists reporting species - (2015)	0.0	0.0	0.0	0.0	1	1	2	6	3	4	5	2
	# checklists reporting species - (2016)	0.0	0.0	3	5	6	8	6	5	3	3	1	1
	# checklists reporting species - (2017)	0.0	1	2	6	0.0	4	8	3	0.0	4	8	7
	# checklists reporting species - (2018)	0.0	1	1	5	5	11	14	15	2	0.0	5	0.0
	
High Count
	2014	0.0	0.0	2	1	100	25	20	20	131	0.0	10	1
	2015	0.0	0.0	0.0	0.0	2468	9	6	11	2468	12	100	5
	2016	0.0	0.0	2	10	100	13	80	15	5	3	2	2
	2017	0.0	3	8	23	0.0	389	18	20	0.0	8	20	25
	2018	0.0	1	8	13	100	300	500	120	7	0.0	2	0.0
	# checklists reporting species - (2014)	0.0	0.0	3	5	6	4	10	5	6	0.0	3	2
	# checklists reporting species - (2015)	0.0	0.0	0.0	0.0	1	1	3	8	4	7	7	7
	# checklists reporting species - (2016)	0.0	0.0	3	5	10	9	9	7	3	4	3	1
	# checklists reporting species - (2017)	0.0	1	3	9	0.0	4	8	5	0.0	4	8	9
	# checklists reporting species - (2018)	0.0	1	1	5	5	11	16	15	2	0.0	5	0.0
	
Totals
	2014	0.0	0.0	3	2	240	25	72	25	156	0.0	10	0
	2015	0.0	0.0	0.0	0.0	2468	9	12	38	2510	29	134	9
	2016	0.0	0.0	4	27	130	57	117	35	8	7	2	2
	2017	0.0	3	9	81	0.0	417	58	24	0.0	18	87	41
	2018	0.0	1	8	28	146	693	666	301	12	0.0	7	0.0
	# checklists reporting species - (2014)	0.0	0.0	2	2	4	1	8	2	4	0.0	1	0
	# checklists reporting species - (2015)	0.0	0.0	0.0	0.0	1	1	2	6	3	4	5	2
	# checklists reporting species - (2016)	0.0	0.0	3	5	6	8	7	5	3	3	1	1
	# checklists reporting species - (2017)	0.0	1	2	7	0.0	4	8	3	0.0	4	8	7
	# checklists reporting species - (2018)	0.0	1	1	5	5	11	14	15	2	0.0	5	0.0
	
Average Count
	2014	0.0	0.0	1.5	1.0	60.0	25.0	9.0	12.5	39.0	0.0	10.0	0.0
	2015	0.0	0.0	0.0	0.0	2468.0	9.0	6.0	6.333333333333333	836.6666666666666	7.25	26.8	4.5
	2016	0.0	0.0	1.3333333333333333	5.4	21.666666666666668	7.125	16.714285714285715	7.0	2.6666666666666665	2.3333333333333335	2.0	2.0
	2017	0.0	3.0	4.5	11.571428571428571	0.0	104.25	7.25	8.0	0.0	4.5	10.875	5.857142857142857
	2018	0.0	1.0	8.0	5.6	29.2	63.0	47.57142857142857	20.066666666666666	6.0	0.0	1.4	0.0
	# checklists reporting species - (2014)	0.0	0.0	2	2	4	1	8	2	4	0.0	1	0
	# checklists reporting species - (2015)	0.0	0.0	0.0	0.0	1	1	2	6	3	4	5	2
	# checklists reporting species - (2016)	0.0	0.0	3	5	6	8	7	5	3	3	1	1
	# checklists reporting species - (2017)	0.0	1	2	7	0.0	4	8	3	0.0	4	8	7
	# checklists reporting species - (2018)	0.0	1	1	5	5	11	14	15	2	0.0	5	0.0
	
