

	Week starting on...	1/1	1/8	1/15	1/22	2/1	2/8	2/15	2/22	3/1	3/8	3/15	3/22	4/1	4/8	4/15	4/22	5/1	5/8	5/15	5/22	6/1	6/8	6/15	6/22	7/1	7/8	7/15	7/22	8/1	8/8	8/15	8/22	9/1	9/8	9/15	9/22	10/1	10/8	10/15	10/22	11/1	11/8	11/15	11/22	12/1	12/8	12/15	12/22
Frequency (%)
	2019	5.263157894736842	0.0	0.0	0.0	0.0	0.0	0.0	0.0	0.0	0.0	66.66666666666666	22.58064516129032	28.000000000000004	55.55555555555556	17.142857142857142	12.5	25.0	15.0	24.242424242424242	13.043478260869565	6.666666666666667	0.0	14.285714285714285	17.391304347826086	10.0	37.5	15.0	23.076923076923077	8.333333333333332	40.0	25.0	2.631578947368421	6.666666666666667	0.0	0.0	0.0	13.333333333333334	66.66666666666666	50.0	37.5	0.0	25.0	50.0	9.090909090909092	0.0	0.0	0.0	0.0
	2020	7.142857142857142	0.0	0.0	0.0	0.0	0.0	0.0	0.0	0.0	0.0	5.263157894736842	35.714285714285715	61.53846153846154	56.52173913043478	52.94117647058824	14.285714285714285	0.0	8.333333333333332	0.0	6.25	0.0	0.0	0.0	0.0	10.0	0.0	11.11111111111111	0.0	9.090909090909092	7.142857142857142	11.11111111111111	25.0	36.36363636363637	11.11111111111111	12.5	23.52941176470588	25.0	20.0	22.22222222222222	28.57142857142857	37.5	44.44444444444444	33.33333333333333	0.0	9.090909090909092	0.0	0.0	0.0
	2021	0.0	0.0	0.0	5.88235294117647	0.0	0.0	0.0	0.0	0.0	4.3478260869565215	4.0	14.285714285714285	7.894736842105263	21.62162162162162	76.0	95.83333333333334	90.9090909090909	67.64705882352942	73.33333333333333	11.904761904761903	4.761904761904762	3.125	0.0	6.666666666666667	9.523809523809524	18.181818181818183	12.5	5.0	7.4074074074074066	16.666666666666664	42.857142857142854	47.368421052631575	18.51851851851852	56.25	50.0	42.857142857142854	44.44444444444444	61.53846153846154	38.095238095238095	61.53846153846154	30.0	33.33333333333333	60.0	35.714285714285715	16.666666666666664	20.0	28.57142857142857	3.8461538461538463
	2022	0.0	0.0	17.647058823529413	6.25	0.0	0.0	0.0	0.0	0.0	0.0	12.0	2.7777777777777777	11.11111111111111	26.08695652173913	62.96296296296296	85.71428571428571	78.94736842105263	59.45945945945946	74.07407407407408	69.56521739130434	28.000000000000004	17.391304347826086	7.4074074074074066	26.666666666666668	25.0	12.5	0.0	0.0	15.384615384615385	15.0	14.285714285714285	6.25	0.0	7.142857142857142	4.545454545454546	22.727272727272727	50.0	37.5	20.0	42.857142857142854	40.0	47.05882352941176	6.25	11.538461538461538	5.88235294117647	0.0	0.0	0.0
	2023	13.333333333333334	25.0	16.666666666666664	0.0	0.0	0.0	0.0	0.0	0.0	0.0	0.0	0.0	2.564102564102564	0.0	30.303030303030305	43.20987654320987	55.55555555555556	9.615384615384617	26.923076923076923	15.0	4.651162790697675	3.389830508474576	13.043478260869565	4.3478260869565215	6.666666666666667	0.0	5.88235294117647	5.263157894736842	16.666666666666664	3.7037037037037033	5.88235294117647	8.108108108108109	9.090909090909092	0.0	4.545454545454546	4.0	37.5	8.333333333333332	5.263157894736842	5.555555555555555	41.66666666666667	38.46153846153847	20.0	7.142857142857142	0.0	0.0	7.6923076923076925	0.0
	Total # checklists submitted - (2019)	19	13	4	10	4	6	17	7	7	4	24	31	25	9	35	24	24	20	33	23	15	18	7	23	20	8	20	26	12	5	4	76	15	12	11	17	15	3	16	8	7	4	6	11	5	4	3	8
	Total # checklists submitted - (2020)	14	3	10	7	7	17	15	16	17	11	19	28	13	23	17	21	17	24	12	16	12	13	19	18	10	9	9	12	11	14	9	8	11	9	8	17	4	10	9	14	8	18	9	15	11	10	15	30
	Total # checklists submitted - (2021)	16	18	25	17	10	8	15	7	18	23	25	28	38	37	25	48	22	34	15	42	21	32	61	30	21	11	16	20	27	12	7	19	27	16	12	14	9	13	21	13	10	12	5	14	6	10	7	26
	Total # checklists submitted - (2022)	11	8	17	16	12	17	36	13	16	21	25	36	27	46	27	56	19	37	27	23	25	23	54	30	20	16	14	27	13	20	21	16	20	14	22	22	12	16	15	21	15	17	16	26	17	8	9	9
	Total # checklists submitted - (2023)	15	12	18	17	12	10	29	13	22	24	34	20	39	47	33	81	18	52	52	40	43	59	23	23	15	17	17	38	12	27	17	37	22	23	22	25	16	12	19	18	12	13	10	14	4	3	13	20
	
Abundance
	2019	0.05263157894736842	0.0	0.0	0.0	0.0	0.0	0.0	0.0	0.0	0.0	6.458333333333333	0.8387096774193549	2.6	24.22222222222222	2.6	0.4583333333333333	0.875	0.45	0.6363636363636364	0.17391304347826086	0.13333333333333333	0.0	0.2857142857142857	0.17391304347826086	0.15	0.5	0.15	0.23076923076923078	0.08333333333333333	0.4	0.5	0.4605263157894737	0.0	0.0	0.0	0.0	0.7333333333333333	0.6666666666666666	1.6875	0.375	0.0	0.5	1.6666666666666667	0.09090909090909091	0.0	0.0	0.0	0.0
	2020	0.2857142857142857	0.0	0.0	0.0	0.0	0.0	0.0	0.0	0.0	0.0	0.10526315789473684	2.107142857142857	44.53846153846154	14.695652173913043	2.764705882352941	1.5238095238095237	0.0	0.4583333333333333	0.0	0.0625	0.0	0.0	0.0	0.0	0.2	0.0	0.0	0.0	0.45454545454545453	0.2857142857142857	0.6666666666666666	0.25	0.7272727272727273	0.7777777777777778	0.375	0.5294117647058824	2.0	0.4	3.7777777777777777	3.642857142857143	3.0	1.1666666666666667	0.6666666666666666	0.0	0.6363636363636364	0.0	0.0	0.0
	2021	0.0	0.0	0.0	0.058823529411764705	0.0	0.0	0.0	0.0	0.0	0.08695652173913043	0.16	0.39285714285714285	0.5263157894736842	1.7297297297297298	24.84	51.833333333333336	43.86363636363637	7.470588235294118	6.8	0.14285714285714285	0.09523809523809523	0.0625	0.0	0.06666666666666667	0.6190476190476191	3.727272727272727	0.3125	0.4	0.3333333333333333	2.1666666666666665	13.142857142857142	2.6842105263157894	0.8518518518518519	4.75	5.166666666666667	19.0	7.0	7.846153846153846	6.904761904761905	8.615384615384615	1.7	4.5	3.8	0.9285714285714286	0.16666666666666666	0.3	0.42857142857142855	0.038461538461538464
	2022	0.0	0.0	0.17647058823529413	1.75	0.0	0.0	0.0	0.0	0.0	0.0	0.32	0.05555555555555555	0.4074074074074074	2.3043478260869565	4.851851851851852	32.910714285714285	19.473684210526315	23.35135135135135	28.85185185185185	4.173913043478261	0.24	0.13043478260869565	0.09259259259259259	0.6333333333333333	0.25	0.1875	0.0	0.0	0.15384615384615385	5.1	3.857142857142857	0.3125	0.0	0.07142857142857142	0.18181818181818182	1.6363636363636365	0.9166666666666666	1.3125	0.5333333333333333	1.8571428571428572	1.0666666666666667	2.823529411764706	0.1875	0.2692307692307692	0.058823529411764705	0.0	0.0	0.0
	2023	0.13333333333333333	0.25	0.1111111111111111	0.0	0.0	0.0	0.0	0.0	0.0	0.0	0.0	0.0	0.07692307692307693	0.0	6.606060606060606	6.061728395061729	3.611111111111111	0.8269230769230769	0.5	0.3	0.11627906976744186	0.4406779661016949	0.17391304347826086	0.043478260869565216	0.06666666666666667	0.0	0.5882352941176471	0.07894736842105263	0.75	0.5185185185185185	0.17647058823529413	0.10810810810810811	0.36363636363636365	0.0	0.09090909090909091	0.2	0.9375	0.3333333333333333	0.8421052631578947	0.05555555555555555	3.3333333333333335	4.0	0.5	0.42857142857142855	0.0	0.0	0.07692307692307693	0.0
	Total # checklists submitted - (2019)	19	13	4	10	4	6	17	7	7	4	24	31	25	9	35	24	24	20	33	23	15	18	7	23	20	8	20	26	12	5	4	76	15	12	11	17	15	3	16	8	7	4	6	11	5	4	3	8
	Total # checklists submitted - (2020)	14	3	10	7	7	17	15	16	17	11	19	28	13	23	17	21	17	24	12	16	12	13	19	18	10	9	9	12	11	14	9	8	11	9	8	17	4	10	9	14	8	18	9	15	11	10	15	30
	Total # checklists submitted - (2021)	16	18	25	17	10	8	15	7	18	23	25	28	38	37	25	48	22	34	15	42	21	32	61	30	21	11	16	20	27	12	7	19	27	16	12	14	9	13	21	13	10	12	5	14	6	10	7	26
	Total # checklists submitted - (2022)	11	8	17	16	12	17	36	13	16	21	25	36	27	46	27	56	19	37	27	23	25	23	54	30	20	16	14	27	13	20	21	16	20	14	22	22	12	16	15	21	15	17	16	26	17	8	9	9
	Total # checklists submitted - (2023)	15	12	18	17	12	10	29	13	22	24	34	20	39	47	33	81	18	52	52	40	43	59	23	23	15	17	17	38	12	27	17	37	22	23	22	25	16	12	19	18	12	13	10	14	4	3	13	20
	
Birds Per Party Hour
	2019	0.5	0.0	0.0	0.0	0.0	0.0	0.0	0.0	0.0	0.0	4.826019176404487	2.050204762817528	11.199916118605934	31.51563143253702	7.378274270721583	0.8115079365079365	1.635687191885655	1.1666666666666667	0.977301707369786	0.3875102032242633	0.8449514152936206	0.0	0.5714285714285714	0.3052125809282302	0.44121280795903434	0.539517381755852	0.3843150377409426	0.5565408485487545	0.21978021978021978	0.5714285714285714	0.5063291139240507	15.0	0.0	0.0	0.0	0.0	1.2974757076468102	0.4352747326446372	1.7755116777566022	0.743459841522416	0.0	1.3333333333333333	5.347583310997945	0.3314550878355983	0.0	0.0	0.0	0.0
	2020	2.0	0.0	0.0	0.0	0.0	0.0	0.0	0.0	0.0	0.0	1.1177266576454667	18.768506403042963	28.600813703929862	11.373079565411865	2.280970218261977	9.46627124494118	0.0	2.0	0.0	2.107135204628241	0.0	0.0	0.0	0.0	2.1810250817884405	0.0	0.0	0.0	5.0	1.09080992637033	2.608695652173913	0.6349206349206349	0.8614094478789766	2.8	3.2119914346895073	1.445048651004631	3.9331366764995086	1.0714285714285714	9.258195115580515	6.8433711773386126	9.057307031173764	1.8209935640256878	1.1756480698788392	0.0	59.82905982905983	0.0	0.0	0.0
	2021	0.0	0.0	0.0	0.4444444444444444	0.0	0.0	0.0	0.0	0.0	1.6666666666666667	2.3296447291788	1.183141379019702	1.5923517123898983	8.210023892136014	10.554375717757466	23.709808631535275	19.46527264630984	7.23978482376395	2.5715465309157914	0.4401187167468217	2.6666666666666665	1.0167768174885612	0.0	1.0104281441504903	5.065533722782793	11.954408581595164	0.7368663253650639	4.248539564524695	5.508771929824562	6.696043708645636	8.066877624123281	2.687997503497834	2.340676588201695	4.5778351496657965	5.386738918940382	49.52588702260371	8.074508484675519	5.284816062755348	8.282091834711915	9.856721789126246	5.570110794235651	8.77095636321745	3.6832258305845156	1.367899826936781	0.25	0.7650033616884445	1.1741649625085209	0.6666666666666666
	2022	0.0	0.0	0.5079060462837408	16.0	0.0	0.0	0.0	0.0	0.0	0.0	1.4843289412706275	0.9837678307919331	1.29202630159035	2.9001255306171285	3.1370373728114704	17.02522511412758	14.44066353025842	21.928889128627276	11.657176653846273	2.4275374899365447	0.7655508504385112	0.3496054406955936	0.5784407253128915	0.9121778680488227	0.47352480554351045	0.7617823479005998	0.0	0.0	1.1985318750615823	5.4458774037377395	8.10032362459547	3.3333333333333335	0.0	0.3243593902043464	2.6666666666666665	2.5208150069337742	0.8368552414830005	1.8906201200658777	1.9348087453744773	2.5217558021042645	3.404129898692035	3.054444936699156	2.250562640660165	2.5613161968699987	1.017293997965412	0.0	0.0	0.0
	2023	0.5475578406169666	0.4488943939810992	0.5138693113169553	0.0	0.0	0.0	0.0	0.0	0.0	0.0	0.0	0.0	1.2858979854264896	0.0	9.778285689099505	5.392763091505766	5.61967739076001	6.261971015072765	0.859355881869188	1.2882347482412324	0.4324343213409692	5.331083418250488	0.4394861724643945	0.20408163265306123	0.3333333333333333	0.0	23.094688221709006	1.2	1.8150244822930393	2.625164072754547	2.570694087403599	0.607195384867847	6.074411541381928	0.0	0.8051529790660226	2.75178866263071	1.9417818045711899	1.4035087719298247	7.677543186180422	0.8333333333333334	12.399322230723731	3.8521502354522155	0.9821006416751098	3.365114974761638	0.0	0.0	0.46511627906976744	0.0
	# checklists reporting species - (2019)	1	0.0	0.0	0.0	0.0	0.0	0.0	0.0	0.0	0.0	17	8	7	4	8	3	6	3	6	3	1	0.0	1	5	2	4	4	6	1	2	1	2	0	0.0	0.0	0.0	4	3	7	3	0.0	1	3	1	0.0	0.0	0.0	0.0
	# checklists reporting species - (2020)	1	0.0	0.0	0.0	0.0	0.0	0.0	0.0	0.0	0.0	2	9	7	13	7	3	0.0	2	0.0	2	0.0	0.0	0.0	0.0	1	0.0	0	0.0	1	1	1	2	4	1	1	3	1	2	2	4	3	9	4	1	1	0.0	0.0	0.0
	# checklists reporting species - (2021)	0.0	0.0	0.0	1	0.0	0.0	0.0	0.0	0.0	1	1	5	3	6	22	45	20	24	9	4	1	1	0.0	3	2	2	2	1	2	2	3	8	6	8	6	4	4	9	6	8	4	4	4	5	1	2	2	1
	# checklists reporting species - (2022)	0.0	0.0	3	1	0.0	0.0	0.0	0.0	0.0	0.0	3	1	3	12	17	49	14	21	22	15	5	3	4	9	5	2	0.0	0.0	3	3	2	1	0.0	1	1	5	6	6	4	9	5	8	1	3	1	0.0	0.0	0.0
	# checklists reporting species - (2023)	2	3	2	0.0	0.0	0.0	0.0	0.0	0.0	0.0	0.0	0.0	1	0.0	11	32	8	5	12	6	2	2	3	1	1	0.0	1	1	2	1	1	3	1	0.0	1	1	6	1	1	1	4	5	3	1	0.0	0.0	1	0.0
	
High Count
	2019	1	0.0	0.0	0.0	0.0	0.0	0.0	0.0	0.0	0.0	26	12	23	200	80	5	6	3	10	2	2	0.0	2	1	2	2	1	1	1	1	2	20	1	0.0	0.0	0.0	7	1	6	1	0.0	2	6	1	0.0	0.0	0.0	0.0
	2020	4	0.0	0.0	0.0	0.0	0.0	0.0	0.0	0.0	0.0	4	16	151	120	30	20	0.0	10	0.0	1	0.0	0.0	0.0	0.0	2	0.0	1	0.0	5	4	6	1	3	7	3	6	8	2	30	41	13	5	3	1	7	0.0	0.0	0.0
	2021	0.0	0.0	0.0	1	0.0	0.0	0.0	0.0	0.0	2	4	5	16	25	200	700	240	27	60	2	2	2	0.0	1	12	40	4	8	8	25	90	30	23	22	35	250	50	34	82	75	12	28	12	6	1	2	2	1
	2022	0.0	0.0	1	28	0.0	0.0	0.0	0.0	0.0	0.0	4	2	4	45	40	500	86	200	130	20	2	1	2	12	1	2	0.0	0.0	2	93	80	5	0.0	1	4	16	3	6	4	11	6	25	3	4	1	0.0	0.0	0.0
	2023	1	1	1	0.0	0.0	0.0	0.0	0.0	0.0	0.0	0.0	0.0	3	0.0	140	200	30	34	5	5	4	25	2	1	1	0.0	10	3	5	14	3	2	8	0.0	2	5	9	4	16	1	13	20	4	6	0.0	0.0	1	0.0
	# checklists reporting species - (2019)	1	0.0	0.0	0.0	0.0	0.0	0.0	0.0	0.0	0.0	19	8	7	5	8	3	6	5	10	3	1	0.0	1	5	2	4	4	6	1	2	1	2	1	0.0	0.0	0.0	4	3	8	3	0.0	1	3	1	0.0	0.0	0.0	0.0
	# checklists reporting species - (2020)	1	0.0	0.0	0.0	0.0	0.0	0.0	0.0	0.0	0.0	2	10	8	15	10	4	0.0	2	0.0	2	0.0	0.0	0.0	0.0	1	0.0	1	0.0	1	1	2	2	4	1	1	4	1	2	2	4	3	9	4	1	1	0.0	0.0	0.0
	# checklists reporting species - (2021)	0.0	0.0	0.0	1	0.0	0.0	0.0	0.0	0.0	1	1	5	3	9	22	48	21	27	11	5	1	1	0.0	3	2	2	2	1	2	2	3	9	6	9	6	6	4	9	8	9	5	4	4	5	1	2	2	1
	# checklists reporting species - (2022)	0.0	0.0	3	1	0.0	0.0	0.0	0.0	0.0	0.0	3	1	3	13	19	54	18	24	24	18	7	4	4	9	5	2	0.0	0.0	3	3	3	1	0.0	1	1	5	7	6	4	9	6	8	1	3	1	0.0	0.0	0.0
	# checklists reporting species - (2023)	2	3	3	0.0	0.0	0.0	0.0	0.0	0.0	0.0	0.0	0.0	1	0.0	14	39	10	5	14	6	2	2	3	1	2	0.0	1	2	2	1	1	3	2	0.0	1	1	6	1	1	1	5	5	3	1	0.0	0.0	1	0.0
	
Totals
	2019	1	0.0	0.0	0.0	0.0	0.0	0.0	0.0	0.0	0.0	176	32	65	218	94	11	21	9	22	4	2	0.0	2	5	3	5	4	6	1	2	2	35	0	0.0	0.0	0.0	14	3	27	3	0.0	2	10	1	0.0	0.0	0.0	0.0
	2020	4	0.0	0.0	0.0	0.0	0.0	0.0	0.0	0.0	0.0	6	59	579	363	47	32	0.0	11	0.0	2	0.0	0.0	0.0	0.0	2	0.0	0	0.0	5	4	6	2	8	7	3	9	8	4	34	51	24	25	8	1	7	0.0	0.0	0.0
	2021	0.0	0.0	0.0	1	0.0	0.0	0.0	0.0	0.0	2	4	12	20	64	677	2491	972	266	102	6	2	2	0.0	3	13	41	5	8	9	26	92	51	46	76	62	266	63	112	145	187	30	54	20	13	1	3	3	1
	2022	0.0	0.0	3	28	0.0	0.0	0.0	0.0	0.0	0.0	8	2	11	106	140	2278	371	870	796	96	6	3	5	20	5	3	0.0	0.0	4	102	81	5	0.0	1	4	36	14	21	10	39	16	48	3	7	1	0.0	0.0	0.0
	2023	2	3	2	0.0	0.0	0.0	0.0	0.0	0.0	0.0	0.0	0.0	3	0.0	232	506	65	43	26	12	5	26	4	1	1	0.0	10	3	9	14	3	4	8	0.0	2	5	15	4	16	1	40	52	7	6	0.0	0.0	1	0.0
	# checklists reporting species - (2019)	1	0.0	0.0	0.0	0.0	0.0	0.0	0.0	0.0	0.0	17	8	7	4	8	3	6	3	6	3	1	0.0	1	5	2	4	4	6	1	2	1	2	0	0.0	0.0	0.0	4	3	7	3	0.0	1	3	1	0.0	0.0	0.0	0.0
	# checklists reporting species - (2020)	1	0.0	0.0	0.0	0.0	0.0	0.0	0.0	0.0	0.0	2	9	7	13	7	3	0.0	2	0.0	2	0.0	0.0	0.0	0.0	1	0.0	0	0.0	1	1	1	2	4	1	1	3	1	2	2	4	3	9	4	1	1	0.0	0.0	0.0
	# checklists reporting species - (2021)	0.0	0.0	0.0	1	0.0	0.0	0.0	0.0	0.0	1	1	5	3	6	22	45	20	24	9	4	1	1	0.0	3	2	2	2	1	2	2	3	8	6	8	6	4	4	9	6	8	4	4	4	5	1	2	2	1
	# checklists reporting species - (2022)	0.0	0.0	3	1	0.0	0.0	0.0	0.0	0.0	0.0	3	1	3	12	17	49	14	21	22	15	5	3	4	9	5	2	0.0	0.0	3	3	2	1	0.0	1	1	5	6	6	4	9	5	8	1	3	1	0.0	0.0	0.0
	# checklists reporting species - (2023)	2	3	2	0.0	0.0	0.0	0.0	0.0	0.0	0.0	0.0	0.0	1	0.0	11	32	8	5	12	6	2	2	3	1	1	0.0	1	1	2	1	1	3	1	0.0	1	1	6	1	1	1	4	5	3	1	0.0	0.0	1	0.0
	
Average Count
	2019	1.0	0.0	0.0	0.0	0.0	0.0	0.0	0.0	0.0	0.0	10.352941176470589	4.0	9.285714285714286	54.5	11.75	3.6666666666666665	3.5	3.0	3.6666666666666665	1.3333333333333333	2.0	0.0	2.0	1.0	1.5	1.25	1.0	1.0	1.0	1.0	2.0	17.5	0.0	0.0	0.0	0.0	3.5	1.0	3.857142857142857	1.0	0.0	2.0	3.3333333333333335	1.0	0.0	0.0	0.0	0.0
	2020	4.0	0.0	0.0	0.0	0.0	0.0	0.0	0.0	0.0	0.0	3.0	6.555555555555555	82.71428571428571	27.923076923076923	6.714285714285714	10.666666666666666	0.0	5.5	0.0	1.0	0.0	0.0	0.0	0.0	2.0	0.0	0.0	0.0	5.0	4.0	6.0	1.0	2.0	7.0	3.0	3.0	8.0	2.0	17.0	12.75	8.0	2.7777777777777777	2.0	1.0	7.0	0.0	0.0	0.0
	2021	0.0	0.0	0.0	1.0	0.0	0.0	0.0	0.0	0.0	2.0	4.0	2.4	6.666666666666667	10.666666666666666	30.772727272727273	55.355555555555554	48.6	11.083333333333334	11.333333333333334	1.5	2.0	2.0	0.0	1.0	6.5	20.5	2.5	8.0	4.5	13.0	30.666666666666668	6.375	7.666666666666667	9.5	10.333333333333334	66.5	15.75	12.444444444444445	24.166666666666668	23.375	7.5	13.5	5.0	2.6	1.0	1.5	1.5	1.0
	2022	0.0	0.0	1.0	28.0	0.0	0.0	0.0	0.0	0.0	0.0	2.6666666666666665	2.0	3.6666666666666665	8.833333333333334	8.235294117647058	46.48979591836735	26.5	41.42857142857143	36.18181818181818	6.4	1.2	1.0	1.25	2.2222222222222223	1.0	1.5	0.0	0.0	1.3333333333333333	34.0	40.5	5.0	0.0	1.0	4.0	7.2	2.3333333333333335	3.5	2.5	4.333333333333333	3.2	6.0	3.0	2.3333333333333335	1.0	0.0	0.0	0.0
	2023	1.0	1.0	1.0	0.0	0.0	0.0	0.0	0.0	0.0	0.0	0.0	0.0	3.0	0.0	21.09090909090909	15.8125	8.125	8.6	2.1666666666666665	2.0	2.5	13.0	1.3333333333333333	1.0	1.0	0.0	10.0	3.0	4.5	14.0	3.0	1.3333333333333333	8.0	0.0	2.0	5.0	2.5	4.0	16.0	1.0	10.0	10.4	2.3333333333333335	6.0	0.0	0.0	1.0	0.0
	# checklists reporting species - (2019)	1	0.0	0.0	0.0	0.0	0.0	0.0	0.0	0.0	0.0	17	8	7	4	8	3	6	3	6	3	1	0.0	1	5	2	4	4	6	1	2	1	2	0	0.0	0.0	0.0	4	3	7	3	0.0	1	3	1	0.0	0.0	0.0	0.0
	# checklists reporting species - (2020)	1	0.0	0.0	0.0	0.0	0.0	0.0	0.0	0.0	0.0	2	9	7	13	7	3	0.0	2	0.0	2	0.0	0.0	0.0	0.0	1	0.0	0	0.0	1	1	1	2	4	1	1	3	1	2	2	4	3	9	4	1	1	0.0	0.0	0.0
	# checklists reporting species - (2021)	0.0	0.0	0.0	1	0.0	0.0	0.0	0.0	0.0	1	1	5	3	6	22	45	20	24	9	4	1	1	0.0	3	2	2	2	1	2	2	3	8	6	8	6	4	4	9	6	8	4	4	4	5	1	2	2	1
	# checklists reporting species - (2022)	0.0	0.0	3	1	0.0	0.0	0.0	0.0	0.0	0.0	3	1	3	12	17	49	14	21	22	15	5	3	4	9	5	2	0.0	0.0	3	3	2	1	0.0	1	1	5	6	6	4	9	5	8	1	3	1	0.0	0.0	0.0
	# checklists reporting species - (2023)	2	3	2	0.0	0.0	0.0	0.0	0.0	0.0	0.0	0.0	0.0	1	0.0	11	32	8	5	12	6	2	2	3	1	1	0.0	1	1	2	1	1	3	1	0.0	1	1	6	1	1	1	4	5	3	1	0.0	0.0	1	0.0
	
