

	Week starting on...	1/1	1/8	1/15	1/22	2/1	2/8	2/15	2/22	3/1	3/8	3/15	3/22	4/1	4/8	4/15	4/22	5/1	5/8	5/15	5/22	6/1	6/8	6/15	6/22	7/1	7/8	7/15	7/22	8/1	8/8	8/15	8/22	9/1	9/8	9/15	9/22	10/1	10/8	10/15	10/22	11/1	11/8	11/15	11/22	12/1	12/8	12/15	12/22
Frequency (%)
	2009	0.0	0.0	0.0	0.0	0.0	0.0	0.0	0.0	0.0	28.57142857142857	66.66666666666666	71.42857142857143	75.0	100.0	100.0	100.0	100.0	100.0	100.0	75.0	100.0	0.0	0.0	0.0	33.33333333333333	0.0	0.0	66.66666666666666	100.0	100.0	75.0	100.0	0.0	100.0	100.0	0.0	0.0	50.0	66.66666666666666	66.66666666666666	0.0	0.0	0.0	0.0	0.0	0.0	0.0	0.0
	2010	0.0	0.0	0.0	0.0	0.0	0.0	0.0	33.33333333333333	0.0	0.0	33.33333333333333	50.0	33.33333333333333	100.0	85.71428571428571	66.66666666666666	100.0	71.42857142857143	33.33333333333333	100.0	0.0	100.0	0.0	0.0	0.0	0.0	50.0	100.0	25.0	50.0	100.0	66.66666666666666	100.0	60.0	33.33333333333333	40.0	50.0	100.0	50.0	40.0	0.0	0.0	0.0	0.0	0.0	0.0	0.0	0.0
	2011	0.0	0.0	0.0	0.0	0.0	0.0	0.0	16.666666666666664	33.33333333333333	80.0	100.0	100.0	50.0	80.0	100.0	92.85714285714286	75.0	77.77777777777779	75.0	57.14285714285714	0.0	50.0	60.0	100.0	100.0	100.0	100.0	75.0	50.0	66.66666666666666	28.57142857142857	100.0	0.0	100.0	33.33333333333333	50.0	66.66666666666666	100.0	100.0	100.0	0.0	0.0	0.0	0.0	0.0	0.0	0.0	0.0
	2012	0.0	0.0	0.0	0.0	0.0	11.11111111111111	0.0	16.666666666666664	45.45454545454545	50.0	87.5	68.75	72.72727272727273	100.0	93.33333333333333	100.0	77.77777777777779	100.0	69.23076923076923	91.66666666666666	84.61538461538461	85.71428571428571	100.0	100.0	90.0	100.0	100.0	83.33333333333334	85.71428571428571	76.92307692307693	85.71428571428571	75.0	85.71428571428571	100.0	0.0	81.81818181818183	40.0	100.0	100.0	33.33333333333333	0.0	0.0	0.0	0.0	0.0	0.0	33.33333333333333	0.0
	2013	0.0	0.0	0.0	0.0	0.0	0.0	0.0	0.0	0.0	20.0	54.54545454545454	60.0	73.33333333333333	88.88888888888889	80.0	100.0	76.92307692307693	75.0	75.0	75.0	75.0	100.0	100.0	100.0	100.0	100.0	100.0	100.0	100.0	100.0	66.66666666666666	85.71428571428571	100.0	100.0	100.0	100.0	0.0	0.0	80.0	0.0	0.0	0.0	0.0	0.0	0.0	0.0	0.0	0.0
	Total # checklists submitted - (2009)	1	0.0	0.0	1	0.0	0.0	0.0	0.0	1	7	3	7	4	2	2	2	3	3	3	4	2	1	0	0.0	3	0	0.0	9	1	3	4	1	0	1	2	0	0	2	3	3	0.0	0	0.0	0.0	0.0	0.0	2	1
	Total # checklists submitted - (2010)	0.0	2	0	11	2	1	1	3	0.0	1	3	6	9	1	7	6	4	7	3	5	0	2	0	0	0.0	0	2	1	4	4	2	3	1	5	3	5	2	1	2	5	2	5	0.0	5	6	3	0.0	2
	Total # checklists submitted - (2011)	3	1	1	5	2	0.0	4	6	3	5	2	5	6	5	9	14	8	9	4	7	0.0	2	5	2	6	4	5	8	2	3	7	1	1	1	3	2	3	2	1	3	1	7	3	1	3	4	1	3
	Total # checklists submitted - (2012)	6	2	5	6	1	9	6	12	11	6	8	16	11	13	15	3	9	6	13	12	13	7	3	6	10	4	9	6	7	13	7	12	7	5	0.0	11	5	2	2	6	4	4	6	6	7	2	3	23
	Total # checklists submitted - (2013)	4	6	7	3	3	6	4	1	4	10	11	15	15	9	10	1	13	8	8	8	4	2	3	7	4	1	1	2	6	3	3	7	2	2	2	5	1	1	5	1	2	1	0	1	2	0.0	3	4
	
Abundance
	2009	0.0	0.0	0.0	0.0	0.0	0.0	0.0	0.0	0.0	14.285714285714286	0.3333333333333333	16.571428571428573	20.25	2.0	150.0	16.5	5.333333333333333	9.666666666666666	53.0	3.0	3.0	0.0	0.0	0.0	6.666666666666667	0.0	0.0	350.0	77.0	183.33333333333334	82.5	23.0	0.0	0.0	225.0	0.0	0.0	0.0	4.0	1.3333333333333333	0.0	0.0	0.0	0.0	0.0	0.0	0.0	0.0
	2010	0.0	0.0	0.0	0.0	0.0	0.0	0.0	6.666666666666667	0.0	0.0	0.6666666666666666	46.666666666666664	0.0	300.0	14.285714285714286	5.0	102.5	10.428571428571429	5.0	4.0	0.0	0.0	0.0	0.0	0.0	0.0	0.0	0.0	0.0	8.0	30.5	14.666666666666666	0.0	79.4	0.0	26.6	0.0	29.0	0.0	3.8	0.0	0.0	0.0	0.0	0.0	0.0	0.0	0.0
	2011	0.0	0.0	0.0	0.0	0.0	0.0	0.0	1.1666666666666667	8.0	8.4	24.5	8.0	0.8333333333333334	69.2	32.333333333333336	16.642857142857142	7.25	6.555555555555555	2.0	3.142857142857143	0.0	1.0	14.0	0.0	7.333333333333333	63.0	0.0	49.0	1.5	0.0	14.285714285714286	0.0	0.0	25.0	1.0	150.0	50.0	50.0	1.0	33.0	0.0	0.0	0.0	0.0	0.0	0.0	0.0	0.0
	2012	0.0	0.0	0.0	0.0	0.0	0.1111111111111111	0.0	1.8333333333333333	4.636363636363637	0.5	94.375	85.8125	7.363636363636363	33.38461538461539	93.66666666666667	66.66666666666667	23.88888888888889	25.5	84.53846153846153	9.833333333333334	6.846153846153846	9.142857142857142	23.333333333333332	92.16666666666667	123.5	223.75	36.666666666666664	37.166666666666664	78.28571428571429	24.53846153846154	47.42857142857143	26.333333333333332	23.428571428571427	233.2	0.0	38.72727272727273	0.0	68.5	13.5	0.5	0.0	0.0	0.0	0.0	0.0	0.0	0.3333333333333333	0.0
	2013	0.0	0.0	0.0	0.0	0.0	0.0	0.0	0.0	0.0	0.5	4.2727272727272725	68.53333333333333	20.466666666666665	6.222222222222222	9.6	0.0	11.538461538461538	0.0	0.0	13.25	15.25	50.0	14.666666666666666	49.57142857142857	153.25	30.0	0.0	263.5	17.5	60.666666666666664	13.333333333333334	105.42857142857143	250.0	64.0	0.0	8.4	0.0	0.0	5.0	0.0	0.0	0.0	0.0	0.0	0.0	0.0	0.0	0.0
	Total # checklists submitted - (2009)	1	0.0	0.0	1	0.0	0.0	0.0	0.0	1	7	3	7	4	2	2	2	3	3	3	4	2	1	0	0.0	3	0	0.0	9	1	3	4	1	0	1	2	0	0	2	3	3	0.0	0	0.0	0.0	0.0	0.0	2	1
	Total # checklists submitted - (2010)	0.0	2	0	11	2	1	1	3	0.0	1	3	6	9	1	7	6	4	7	3	5	0	2	0	0	0.0	0	2	1	4	4	2	3	1	5	3	5	2	1	2	5	2	5	0.0	5	6	3	0.0	2
	Total # checklists submitted - (2011)	3	1	1	5	2	0.0	4	6	3	5	2	5	6	5	9	14	8	9	4	7	0.0	2	5	2	6	4	5	8	2	3	7	1	1	1	3	2	3	2	1	3	1	7	3	1	3	4	1	3
	Total # checklists submitted - (2012)	6	2	5	6	1	9	6	12	11	6	8	16	11	13	15	3	9	6	13	12	13	7	3	6	10	4	9	6	7	13	7	12	7	5	0.0	11	5	2	2	6	4	4	6	6	7	2	3	23
	Total # checklists submitted - (2013)	4	6	7	3	3	6	4	1	4	10	11	15	15	9	10	1	13	8	8	8	4	2	3	7	4	1	1	2	6	3	3	7	2	2	2	5	1	1	5	1	2	1	0	1	2	0.0	3	4
	
Birds Per Party Hour
	2009	0.0	0.0	0.0	0.0	0.0	0.0	0.0	0.0	0.0	33.5	0.3333333333333333	11.791666666666666	27.0	2.0	137.57507507507506	9.504504504504505	3.6666666666666665	10.25	21.5591625179022	4.0	6.0	0.0	0.0	0.0	5.0	0.0	0.0	166.37275907500796	38.5	97.05311452267513	60.0	6.731050629206907	215.75	0.0	180.0	0.0	0.0	0.0	1.9870129870129871	1.0	0.0	4.0	0.0	0.0	0.0	0.0	0.0	0.0
	2010	0.0	0.0	0.0	0.0	0.0	0.0	0.0	17.13796058269066	0.0	0.0	0.0	89.52380952380952	0.0	50.0	18.181818181818183	10.0	37.28260869565217	8.61111111111111	6.666666666666667	8.0	0.0	0.0	0.0	0.0	0.0	0.0	0.0	213.57142857142858	0.0	11.666666666666666	11.501501501501501	7.966666666666667	0.0	36.49472827018687	0.0	25.491666666666667	0.0	4.35	0.0	3.0555555555555554	0.0	0.0	0.0	0.0	0.0	0.0	0.0	0.0
	2011	0.0	0.0	0.0	0.0	0.0	0.0	0.0	1.1772944224737487	8.0	5.808333333333334	4.166666666666667	2.0275967103259216	0.0	29.75	12.853333333333333	13.502591036414566	10.166666666666666	3.9166666666666665	1.5666666666666667	22.0	0.0	2.0	8.05921052631579	101.64583333333333	27.333333333333332	33.71922956911469	0.0	25.833333333333332	92.125	0.0	25.0	0.0	0.0	33.333333333333336	2.4	450.0346864160495	75.0	33.333333333333336	46.27272727272727	16.5	0.0	0.0	0.6	0.0	0.0	0.0	0.0	0.0
	2012	0.0	0.0	0.0	0.0	0.2222222222222222	0.0	0.0	3.961038961038961	5.607070707070707	0.4166666666666667	74.74666666666667	38.413905770443755	7.449206349206349	32.13576758767215	80.0620839542174	48.095238095238095	30.53735312306741	26.27713920817369	44.33580986280215	21.128500186692264	11.992438609334934	10.500400040004001	25.0	45.820493691400685	52.734375	82.70870837083709	46.475582952152536	33.666666666666664	71.60606060606061	19.00817413819022	66.53136902536919	248.22028496437946	16.150814536340853	130.64395439543955	0.0	16.895633208717335	28.8	28.776616337591946	5.464285714285714	2.276923076923077	0.0	0.0	0.4390458071125421	0.0	0.0	0.0	0.6666666666666666	0.0
	2013	0.0	0.0	0.0	0.0	0.0	0.0	0.0	0.0	0.0	2.3036352516734278	3.466666666666667	47.250766823161186	8.413934503067486	5.664102564102564	9.259571887023876	8.333333333333334	7.253495867120201	0.0	0.0	7.669833759471967	13.333333333333334	33.333333333333336	23.045566524560044	35.15958198365779	69.4866519789743	32.715376226826606	0.0	183.01124830596228	29.008247545641954	199.37999627966775	20.0	100.84424655494061	200.0	18.901548137397192	0.0	3.365141851039798	0.0	0.0	3.760139465723222	8.88427368178147	0.0	0.0	0.0	0.0	0.0	0.0	0.0	0.0
	# checklists reporting species - (2009)	0.0	0.0	0.0	0.0	0.0	0.0	0.0	0.0	0.0	2	1	4	2	1	2	2	2	2	2	1	1	0	0	0.0	1	0.0	0.0	5	1	1	3	1	1	0	1	0.0	0.0	0	2	2	0.0	1	0.0	0.0	0.0	0.0	0.0	0.0
	# checklists reporting species - (2010)	0.0	0.0	0.0	0.0	0.0	0.0	0.0	1	0.0	0.0	0	2	0	1	1	1	2	3	1	1	0	0	0.0	0.0	0.0	0	0	1	0	2	2	2	0	2	0	2	0	2	0	3	0.0	0.0	0.0	0.0	0.0	0.0	0.0	0.0
	# checklists reporting species - (2011)	0.0	0.0	0.0	0.0	0.0	0.0	0.0	2	1	4	3	5	1	4	5	8	3	3	4	1	0.0	1	2	2	3	3	0	5	2	0	1	0	0.0	1	1	2	1	1	2	3	0.0	0.0	1	0.0	0.0	0.0	0.0	0.0
	# checklists reporting species - (2012)	0.0	0.0	0.0	0.0	1	0	0.0	2	5	2	5	11	4	8	9	3	5	3	7	5	6	3	1	5	8	4	7	3	3	6	4	4	4	4	0.0	9	1	2	2	2	0.0	0.0	1	0.0	0.0	0.0	1	0.0
	# checklists reporting species - (2013)	0.0	0.0	0.0	0.0	0.0	0.0	0.0	0.0	0.0	3	3	5	11	4	6	1	7	0	0	5	3	1	4	4	4	1	0	3	2	3	1	5	1	2	0	4	0.0	0.0	3	1	0.0	0.0	0.0	0.0	0.0	0.0	0.0	0.0
	
High Count
	2009	0.0	0.0	0.0	0.0	0.0	0.0	0.0	0.0	0.0	100	1	50	45	4	250	30	13	17	134	12	6	1	1	0.0	20	0.0	0.0	2060	77	550	300	23	2589	1	450	0.0	0.0	1	7	3	0.0	48	0.0	0.0	0.0	0.0	0.0	0.0
	2010	0.0	0.0	0.0	0.0	0.0	0.0	0.0	20	0.0	0.0	2	200	1	300	100	30	400	31	15	20	1	1	0.0	0.0	0.0	1	1	1495	1	26	60	25	1	382	1	133	1	29	1	10	0.0	0.0	0.0	0.0	0.0	0.0	0.0	0.0
	2011	0.0	0.0	0.0	0.0	0.0	0.0	0.0	7	24	26	48	30	5	200	150	100	30	34	5	22	0.0	2	35	861	38	250	1	250	1458	1	100	1	0.0	25	3	8321	150	100	1018	50	0.0	0.0	6	0.0	0.0	0.0	0.0	0.0
	2012	0.0	0.0	0.0	0.0	1	1	0.0	21	30	2	300	500	43	676	500	120	347	90	700	51	396	40	50	200	1000	600	957	150	500	200	1872	8391	85	560	0.0	100	288	97	15	34	0.0	0.0	3	0.0	0.0	0.0	1	0.0
	2013	0.0	0.0	0.0	0.0	0.0	0.0	0.0	0.0	0.0	54	30	500	56	19	174	25	81	1	1	63	60	100	559	173	450	30	1	4308	70	3203	40	1943	500	85	1	25	0.0	0.0	23	77	0.0	0.0	0.0	0.0	0.0	0.0	0.0	0.0
	# checklists reporting species - (2009)	0.0	0.0	0.0	0.0	0.0	0.0	0.0	0.0	0.0	3	2	5	4	2	2	2	3	3	3	3	2	1	1	0.0	1	0.0	0.0	8	1	3	4	2	1	1	2	0.0	0.0	1	2	2	0.0	1	0.0	0.0	0.0	0.0	0.0	0.0
	# checklists reporting species - (2010)	0.0	0.0	0.0	0.0	0.0	0.0	0.0	1	0.0	0.0	1	3	3	1	6	4	4	5	2	6	1	2	0.0	0.0	0.0	1	1	2	1	2	2	2	1	3	1	3	1	2	1	3	0.0	0.0	0.0	0.0	0.0	0.0	0.0	0.0
	# checklists reporting species - (2011)	0.0	0.0	0.0	0.0	0.0	0.0	0.0	2	1	4	3	7	5	6	9	13	6	8	4	4	0.0	1	3	4	6	5	5	6	2	2	2	1	0.0	1	1	2	2	2	2	3	0.0	0.0	1	0.0	0.0	0.0	0.0	0.0
	# checklists reporting species - (2012)	0.0	0.0	0.0	0.0	1	1	0.0	3	5	3	8	13	8	14	15	6	8	6	9	12	12	6	3	6	11	4	10	5	6	10	7	10	6	5	0.0	10	3	2	2	3	0.0	0.0	1	0.0	0.0	0.0	1	0.0
	# checklists reporting species - (2013)	0.0	0.0	0.0	0.0	0.0	0.0	0.0	0.0	0.0	3	6	9	11	8	9	2	11	6	7	7	4	2	6	7	4	1	1	4	6	4	3	7	2	2	3	6	0.0	0.0	4	1	0.0	0.0	0.0	0.0	0.0	0.0	0.0	0.0
	
Totals
	2009	0.0	0.0	0.0	0.0	0.0	0.0	0.0	0.0	0.0	102	1	116	81	4	300	33	16	29	159	12	6	0	0	0.0	20	0.0	0.0	3160	77	550	330	23	2589	0	450	0.0	0.0	0	12	4	0.0	48	0.0	0.0	0.0	0.0	0.0	0.0
	2010	0.0	0.0	0.0	0.0	0.0	0.0	0.0	20	0.0	0.0	2	280	0	300	100	30	410	73	15	20	0	0	0.0	0.0	0.0	0	0	1495	0	32	61	44	0	397	0	266	0	58	0	28	0.0	0.0	0.0	0.0	0.0	0.0	0.0	0.0
	2011	0.0	0.0	0.0	0.0	0.0	0.0	0.0	14	24	42	97	43	5	383	291	233	58	59	12	22	0.0	2	70	1722	44	352	0	392	1461	0	100	0	0.0	25	3	8621	150	100	1019	99	0.0	0.0	6	0.0	0.0	0.0	0.0	0.0
	2012	0.0	0.0	0.0	0.0	1	1	0.0	22	51	3	807	1816	81	1110	1405	320	562	153	1099	169	485	64	70	553	1235	895	1287	223	548	319	2204	8707	164	1166	0.0	433	288	137	27	37	0.0	0.0	3	0.0	0.0	0.0	1	0.0
	2013	0.0	0.0	0.0	0.0	0.0	0.0	0.0	0.0	0.0	59	47	1028	307	56	270	25	231	0	0	169	75	100	653	347	613	30	0	4845	105	3385	40	2681	500	128	0	46	0.0	0.0	25	77	0.0	0.0	0.0	0.0	0.0	0.0	0.0	0.0
	# checklists reporting species - (2009)	0.0	0.0	0.0	0.0	0.0	0.0	0.0	0.0	0.0	2	1	4	2	1	2	2	2	2	2	1	1	0	0	0.0	1	0.0	0.0	5	1	1	3	1	1	0	1	0.0	0.0	0	2	2	0.0	1	0.0	0.0	0.0	0.0	0.0	0.0
	# checklists reporting species - (2010)	0.0	0.0	0.0	0.0	0.0	0.0	0.0	1	0.0	0.0	1	2	0	1	1	1	2	3	1	1	0	0	0.0	0.0	0.0	0	0	1	0	2	2	2	0	2	0	2	0	2	0	3	0.0	0.0	0.0	0.0	0.0	0.0	0.0	0.0
	# checklists reporting species - (2011)	0.0	0.0	0.0	0.0	0.0	0.0	0.0	2	1	4	3	5	1	4	5	8	3	3	4	1	0.0	1	2	2	3	3	0	5	2	0	1	0	0.0	1	1	2	1	1	2	3	0.0	0.0	1	0.0	0.0	0.0	0.0	0.0
	# checklists reporting species - (2012)	0.0	0.0	0.0	0.0	1	1	0.0	2	5	2	6	12	4	8	9	3	5	3	7	5	6	3	2	5	8	4	7	3	3	6	4	4	4	4	0.0	9	1	2	2	2	0.0	0.0	1	0.0	0.0	0.0	1	0.0
	# checklists reporting species - (2013)	0.0	0.0	0.0	0.0	0.0	0.0	0.0	0.0	0.0	3	4	6	11	4	8	1	7	0	0	5	3	1	4	4	4	1	0	4	2	3	1	5	1	2	0	5	0.0	0.0	3	1	0.0	0.0	0.0	0.0	0.0	0.0	0.0	0.0
	
Average Count
	2009	0.0	0.0	0.0	0.0	0.0	0.0	0.0	0.0	0.0	51.0	1.0	29.0	40.5	4.0	150.0	16.5	8.0	14.5	79.5	12.0	6.0	0.0	0.0	0.0	20.0	0.0	0.0	632.0	77.0	550.0	110.0	23.0	2589.0	0.0	450.0	0.0	0.0	0.0	6.0	2.0	0.0	48.0	0.0	0.0	0.0	0.0	0.0	0.0
	2010	0.0	0.0	0.0	0.0	0.0	0.0	0.0	20.0	0.0	0.0	2.0	140.0	0.0	300.0	100.0	30.0	205.0	24.333333333333332	15.0	20.0	0.0	0.0	0.0	0.0	0.0	0.0	0.0	1495.0	0.0	16.0	30.5	22.0	0.0	198.5	0.0	133.0	0.0	29.0	0.0	9.333333333333334	0.0	0.0	0.0	0.0	0.0	0.0	0.0	0.0
	2011	0.0	0.0	0.0	0.0	0.0	0.0	0.0	7.0	24.0	10.5	32.333333333333336	8.6	5.0	95.75	58.2	29.125	19.333333333333332	19.666666666666668	3.0	22.0	0.0	2.0	35.0	861.0	14.666666666666666	117.33333333333333	0.0	78.4	730.5	0.0	100.0	0.0	0.0	25.0	3.0	4310.5	150.0	100.0	509.5	33.0	0.0	0.0	6.0	0.0	0.0	0.0	0.0	0.0
	2012	0.0	0.0	0.0	0.0	1.0	1.0	0.0	11.0	10.2	1.5	134.5	151.33333333333334	20.25	138.75	156.11111111111111	106.66666666666667	112.4	51.0	157.0	33.8	80.83333333333333	21.333333333333332	35.0	110.6	154.375	223.75	183.85714285714286	74.33333333333333	182.66666666666666	53.166666666666664	551.0	2176.75	41.0	291.5	0.0	48.111111111111114	288.0	68.5	13.5	18.5	0.0	0.0	3.0	0.0	0.0	0.0	1.0	0.0
	2013	0.0	0.0	0.0	0.0	0.0	0.0	0.0	0.0	0.0	19.666666666666668	11.75	171.33333333333334	27.90909090909091	14.0	33.75	25.0	33.0	0.0	0.0	33.8	25.0	100.0	163.25	86.75	153.25	30.0	0.0	1211.25	52.5	1128.3333333333333	40.0	536.2	500.0	64.0	0.0	9.2	0.0	0.0	8.333333333333334	77.0	0.0	0.0	0.0	0.0	0.0	0.0	0.0	0.0
	# checklists reporting species - (2009)	0.0	0.0	0.0	0.0	0.0	0.0	0.0	0.0	0.0	2	1	4	2	1	2	2	2	2	2	1	1	0	0	0.0	1	0.0	0.0	5	1	1	3	1	1	0	1	0.0	0.0	0	2	2	0.0	1	0.0	0.0	0.0	0.0	0.0	0.0
	# checklists reporting species - (2010)	0.0	0.0	0.0	0.0	0.0	0.0	0.0	1	0.0	0.0	1	2	0	1	1	1	2	3	1	1	0	0	0.0	0.0	0.0	0	0	1	0	2	2	2	0	2	0	2	0	2	0	3	0.0	0.0	0.0	0.0	0.0	0.0	0.0	0.0
	# checklists reporting species - (2011)	0.0	0.0	0.0	0.0	0.0	0.0	0.0	2	1	4	3	5	1	4	5	8	3	3	4	1	0.0	1	2	2	3	3	0	5	2	0	1	0	0.0	1	1	2	1	1	2	3	0.0	0.0	1	0.0	0.0	0.0	0.0	0.0
	# checklists reporting species - (2012)	0.0	0.0	0.0	0.0	1	1	0.0	2	5	2	6	12	4	8	9	3	5	3	7	5	6	3	2	5	8	4	7	3	3	6	4	4	4	4	0.0	9	1	2	2	2	0.0	0.0	1	0.0	0.0	0.0	1	0.0
	# checklists reporting species - (2013)	0.0	0.0	0.0	0.0	0.0	0.0	0.0	0.0	0.0	3	4	6	11	4	8	1	7	0	0	5	3	1	4	4	4	1	0	4	2	3	1	5	1	2	0	5	0.0	0.0	3	1	0.0	0.0	0.0	0.0	0.0	0.0	0.0	0.0
	
